id,paragraph,score
7a024f1d,Investing in renewable energy sources such as solar and wind can significantly reduce a company's carbon footprint.,3.1136815991412066
f13e5c2c,Reducing emissions is important for sustainability.,3.14288326698139
0cc1bf58,Companies should consider regulatory compliance to avoid fines and penalties in the future.,2.614202638342765
3bd51f0e,Advancing carbon capture technology could be a game changer in industrial sustainability.,2.7544044185251613
123eee77,Water conservation strategies should be considered for long-term environmental responsibility.,3.1908100876286003
